-0.292221432649109E+02 0.307290142745505E-08
-0.292205620481769E+02 -0.156252734145803E-07
-0.292051741938809E+02 0.397002929062012E-07
-0.291385110817609E+02 0.179006018473021E-01
-0.291357478391309E+02 -0.869547352524980E-09
-0.291226845142099E+02 0.627792652657964E-03
-0.291217100960239E+02 -0.513540111677009E-07
-0.291210646173009E+02 -0.104609640424851E-07
-0.290131245416639E+02 -0.946015295946523E-03
-0.282481461844769E+02 -0.115801588362902E-15
-0.282383971765609E+02 -0.141357493990311E-15
-0.282323413319199E+02 0.700331715559318E-16
-0.278370405470859E+02 0.347633347612048E-16
-0.278319204393059E+02 -0.729754117686104E-16
-0.278235215517609E+02 0.638120944019235E-16
-0.268721626237849E+02 0.979149786456272E-05
-0.292216158829059E+02 -0.187859392996562E-08
-0.292165995750749E+02 -0.179185650291038E-07
-0.292108749839179E+02 -0.186613358797889E-07
-0.291390697848459E+02 -0.178673585837681E-01
-0.291303727753249E+02 -0.666036748149523E-08
-0.291251223198769E+02 -0.281584345510760E-08
-0.291220419139629E+02 0.359178602983708E-03
-0.291218165181249E+02 -0.344000632575801E-07
-0.290132084292039E+02 0.153270560993535E-02
-0.282456913422729E+02 -0.970241858231419E-15
-0.282422329813179E+02 0.125889726225060E-14
-0.282309804096379E+02 0.165966276869861E-15
-0.278381769425509E+02 -0.233999139386521E-15
-0.278286348856479E+02 0.462795211241851E-15
-0.278256506662009E+02 0.751502865572527E-15
-0.268721626324479E+02 -0.159437298111897E-04
-0.283276541495129E+02 0.546427275446424E-15
-0.283108416806739E+02 -0.638161178498153E-15
-0.283108416497439E+02 0.388405969202056E-15
-0.282278543632789E+02 -0.188717869473292E-14
-0.282254905799799E+02 0.839435716651123E-15
-0.282254905799459E+02 0.327711486235658E-15
-0.281578944003599E+02 -0.932858269412450E-15
-0.281578943692849E+02 0.445499030511616E-14
-0.281105293719079E+02 0.853500880775958E-15
-0.273335047458419E+02 -0.200177556585139E-07
-0.273335047098439E+02 0.160284074146537E-08
-0.272595462800349E+02 -0.486207883581984E-01
-0.269223128226919E+02 0.130435815092931E-07
-0.269223128044799E+02 0.363705740411704E-07
-0.269118625899809E+02 -0.835761733644485E-02
-0.259599695793669E+02 0.745988306686370E-17
-0.283276541843289E+02 -0.640260304495912E-15
-0.283108416641019E+02 0.142981233364650E-14
-0.283108416171149E+02 -0.902560482338594E-15
-0.282278543180179E+02 0.155043347227243E-14
-0.282254906144969E+02 0.320765581832816E-15
-0.282254906144659E+02 -0.473108248662183E-15
-0.281578943863179E+02 -0.887300052112073E-15
-0.281578943393809E+02 0.174574586846630E-14
-0.281105293687929E+02 0.100456228613585E-14
-0.273335047637069E+02 0.121612603072986E-07
-0.273335047208189E+02 0.363882757509279E-09
-0.272595462401079E+02 0.486208066212408E-01
-0.269223128640769E+02 0.297917420628575E-07
-0.269223128017489E+02 -0.259920584461484E-07
-0.269118625405389E+02 0.835759652457837E-02
-0.259599695761079E+02 -0.173907061640530E-15
-0.283276541261679E+02 0.909062250559827E-16
-0.283108416338859E+02 -0.186625484116836E-16
-0.283108415945679E+02 -0.422512845589943E-15
-0.282278543043399E+02 -0.504286162013534E-16
-0.282254905548429E+02 -0.235573569357931E-15
-0.282254905548319E+02 0.588156443924998E-15
-0.281578943570979E+02 -0.121034362183833E-14
-0.281578943177139E+02 0.256892407593925E-14
-0.281105293308569E+02 0.727762269729951E-15
-0.273335047113289E+02 -0.177577247150623E-07
-0.273335046745319E+02 -0.726316271215386E-08
-0.272595462264219E+02 0.486208060359585E-01
-0.269223128147679E+02 -0.256229771997346E-08
-0.269223127675589E+02 0.848199464820436E-08
-0.269118625194159E+02 -0.835762510961404E-02
-0.259599695426849E+02 0.134227949766721E-15
-0.279429717548209E+02 0.514416338831890E-12
-0.279429717304709E+02 0.657362212204388E-12
-0.279429716917689E+02 0.433974086776302E-12
-0.278765242314669E+02 0.380989656646041E-07
-0.278765242240489E+02 0.237425681799425E-07
-0.278765241982889E+02 -0.364437326184908E-07
-0.278765241595819E+02 -0.110763379761528E-08
-0.278765241565119E+02 -0.282424453303121E-07
-0.277589629082709E+02 0.453269043620826E-01
-0.269054065999409E+02 0.273006156989260E-21
-0.269054065651229E+02 0.801958543775366E-21
-0.269054065370169E+02 0.494240848333188E-22
-0.265481926274909E+02 0.138063444198506E-20
-0.265481925711319E+02 -0.124095209491127E-20
-0.265481925590629E+02 0.534071476302783E-22
-0.255671094350559E+02 -0.164551151472759E-01
-0.270975165576159E+02 0.454314224521829E-08
-0.270888295226109E+02 0.246755191063083E-08
-0.270515681763309E+02 0.116661497697422E-07
-0.270343169851839E+02 -0.373393221372611E-01
-0.270128482155869E+02 -0.182063687087557E-02
-0.270057685865089E+02 0.916059479660891E-08
-0.269969730822659E+02 -0.793894512195886E-08
-0.269772157987559E+02 -0.914873254844600E-08
-0.269044955577679E+02 -0.249798395233420E-02
-0.261022619910289E+02 0.682194744360072E-15
-0.260711873291529E+02 0.284005761020057E-14
-0.260551837075079E+02 -0.399599730696129E-15
-0.257286864065859E+02 0.453370070865041E-15
-0.257237530327469E+02 -0.153259360843502E-14
-0.257100739545489E+02 -0.501031351898769E-15
-0.247623958654899E+02 0.268283798483780E-04
-0.270968912309279E+02 -0.550608886653106E-08
-0.270953981066979E+02 0.183988122626861E-08
-0.270347122839419E+02 -0.585306825242292E-07
-0.270337056720799E+02 -0.374628763532521E-01
-0.270213734089879E+02 -0.506039896635418E-07
-0.270135761889469E+02 0.381580895105612E-03
-0.269863760282969E+02 -0.432144937076526E-08
-0.269831206571019E+02 -0.137007692149966E-07
-0.269043789044649E+02 -0.409921802478193E-03
-0.261047246029859E+02 0.514331693182747E-15
-0.260631356003089E+02 -0.853305338213670E-15
-0.260606144568869E+02 0.225672528933196E-14
-0.257272841244269E+02 -0.102902293739918E-14
-0.257265252217019E+02 0.560917277589460E-15
-0.257088624071759E+02 -0.315948208720240E-15
-0.247623958525469E+02 0.433703977486286E-05
-0.270973859226899E+02 0.257571453721834E-09
-0.270944665131279E+02 0.340559554070762E-08
-0.270370358565409E+02 -0.458011708134518E-07
-0.270337555451359E+02 -0.374512538789321E-01
-0.270191396391119E+02 -0.855455065513176E-07
-0.270135170964449E+02 0.735287802421319E-03
-0.269881128244179E+02 0.133095946087264E-07
-0.269817308693279E+02 -0.308868370720787E-08
-0.269043880775849E+02 0.803886268987884E-03
-0.261045469544599E+02 -0.289025793726859E-15
-0.260644488025989E+02 -0.123298571442146E-14
-0.260594913691409E+02 -0.122182730819114E-14
-0.257276019379429E+02 0.402994576868394E-15
-0.257261070577689E+02 -0.814505820206085E-15
-0.257089502026309E+02 -0.191818368591157E-15
-0.247623958427819E+02 0.869725579973873E-05
-0.270979038436209E+02 -0.272584976334191E-08
-0.270920294318419E+02 0.415835450448543E-08
-0.270436423353129E+02 0.986224866022741E-08
-0.270339648947409E+02 -0.374055077738031E-01
-0.270132684561879E+02 -0.138813034106048E-02
-0.270129312893729E+02 -0.826655366418193E-07
-0.269921837398429E+02 -0.166177607583817E-07
-0.269791809170649E+02 -0.368510037908982E-08
-0.269044273292959E+02 -0.163926149996688E-02
-0.261037608063679E+02 -0.433814433467276E-15
-0.260675098340039E+02 0.165669473278212E-14
-0.260572697965169E+02 -0.147592801895582E-14
-0.257281896328419E+02 0.695174970748736E-15
-0.257250780093679E+02 0.553974191875652E-15
-0.257093381776289E+02 -0.132617735644215E-14
-0.247623958347589E+02 -0.176754877472187E-04
-0.270951600709089E+02 0.101669269557056E-07
-0.270840051981919E+02 -0.468194783615448E-09
-0.270625740010819E+02 -0.903230437952806E-08
-0.270348850442069E+02 0.372585527627993E-01
-0.270121640469209E+02 -0.181225502192581E-02
-0.270035665956569E+02 0.871332658499216E-08
-0.269963848881149E+02 0.104113853987095E-07
-0.269761807879719E+02 -0.193911012880479E-07
-0.269046115637469E+02 0.350730436196293E-02
-0.260991092370749E+02 0.158603777202328E-14
-0.260767298110009E+02 0.167501430675133E-14
-0.260529506365659E+02 0.162177301690461E-15
-0.257291501584249E+02 -0.422620064788470E-17
-0.257216019273129E+02 -0.107561575055139E-14
-0.257116044719649E+02 -0.203659708811837E-15
-0.247623958507649E+02 0.376397659360064E-04
-0.251904824799399E+02 0.225189716707965E-14
-0.251904824522849E+02 -0.111476831751079E-14
-0.251866062622019E+02 0.111869601971775E-14
-0.251179469722729E+02 -0.338321787378936E-16
-0.250903394867149E+02 0.370022856916648E-15
-0.250903394866779E+02 0.103618610403869E-14
-0.250341713913549E+02 0.201272024714619E-14
-0.250341713635769E+02 -0.336323932025509E-15
-0.249841318817459E+02 -0.930548708045519E-15
-0.241916769154169E+02 0.219989815177798E-07
-0.241916768825799E+02 -0.444927785094522E-08
-0.241334056878579E+02 0.486283940333423E-01
-0.237931053338229E+02 -0.179851861826820E-01
-0.237871260264939E+02 0.107381472872338E-06
-0.237871260118039E+02 -0.998465548633311E-08
-0.228252185847909E+02 0.658374256522149E-16
-0.251904824391829E+02 -0.417823951632479E-15
-0.251904823897759E+02 -0.227051513955693E-14
-0.251866062697459E+02 0.362738364535801E-14
-0.251179468874799E+02 -0.581348712100990E-15
-0.250903394937299E+02 0.708851914304580E-15
-0.250903394937029E+02 0.619388321677684E-15
-0.250341713492749E+02 -0.131426924054357E-14
-0.250341713001009E+02 -0.136647492637417E-14
-0.249841318628099E+02 -0.157466644746079E-14
-0.241916769081579E+02 -0.684256764609854E-08
-0.241916768624789E+02 0.229930231136695E-08
-0.241334056173849E+02 0.486283907192316E-01
-0.237931052555749E+02 0.179851993622087E-01
-0.237871260437729E+02 -0.446912764500242E-07
-0.237871259796339E+02 0.107936975511994E-07
-0.228252185546499E+02 0.334604754744418E-15
-0.251904824214659E+02 -0.481964314026757E-15
-0.251904823810879E+02 0.308730532142160E-14
-0.251866062244399E+02 0.186618247043764E-14
-0.251179468936259E+02 0.837805481432578E-15
-0.250903394464849E+02 -0.217450388927821E-14
-0.250903394464739E+02 -0.232900578258226E-15
-0.250341713300219E+02 0.193225237676855E-14
-0.250341712894959E+02 0.397933163672494E-14
-0.249841318296919E+02 -0.824623440575096E-15
-0.241916768672329E+02 -0.220133289786754E-07
-0.241916768293089E+02 -0.639245853301074E-08
-0.241334056148219E+02 0.486283841058809E-01
-0.237931052471709E+02 -0.179852238452304E-01
-0.237871260069609E+02 0.993244129065185E-07
-0.237871259584789E+02 0.850095972006757E-08
-0.228252185345539E+02 0.172430909591800E-15
-0.251263175453629E+02 0.148747943224057E-21
-0.251222130393719E+02 -0.167676502889171E-21
-0.251209324526069E+02 -0.614385662997181E-22
-0.250847891660599E+02 0.883135651275576E-22
-0.250838692915029E+02 -0.289600055781428E-22
-0.250398808682559E+02 0.152036738605948E-22
-0.250265022725339E+02 0.229264271112840E-21
-0.250241535667439E+02 0.128103828189643E-21
-0.249194070832189E+02 0.220002335232053E-22
-0.241412871933599E+02 -0.408715243385015E-08
-0.241400509228009E+02 0.742693185610469E-08
-0.241328786918419E+02 -0.168314607204081E-09
-0.237728776452109E+02 0.654408796997094E-08
-0.237676606994149E+02 0.224814974727841E-07
-0.237228509954099E+02 0.338431690081777E-10
-0.227966982248019E+02 -0.149285866440081E-25
-0.251270579453329E+02 0.378485893114805E-21
-0.251213073408659E+02 0.533253029952256E-21
-0.251208846690119E+02 -0.342963810010235E-21
-0.250848119719689E+02 -0.310758324444391E-21
-0.250827254371729E+02 -0.277099693418950E-21
-0.250391912465269E+02 -0.252264095882910E-21
-0.250278189022419E+02 -0.107193220323446E-21
-0.250241938736299E+02 0.431901119187207E-21
-0.249200730521709E+02 -0.243722721742895E-23
-0.241415440774009E+02 0.735490994192730E-08
-0.241396743562639E+02 0.414301939432065E-08
-0.241329523218219E+02 -0.104380260171514E-08
-0.237739088252699E+02 -0.255806127614462E-07
-0.237659802358099E+02 -0.326243062261203E-08
-0.237235463317559E+02 -0.204370450293839E-08
-0.227966990718379E+02 -0.196155305403525E-26
-0.251195051385379E+02 -0.316723301858849E-23
-0.251184818049479E+02 -0.648980974418495E-23
-0.251139873327429E+02 -0.639890639050485E-23
-0.250698047455709E+02 -0.723082013385181E-23
-0.250659524653589E+02 0.131212014245363E-22
-0.250467843738709E+02 0.373155309138832E-23
-0.250406766856279E+02 0.189580732428132E-22
-0.250392769589259E+02 0.252943651246948E-22
-0.249335730845629E+02 0.323264527659662E-24
-0.241399688471589E+02 -0.189445819161695E-09
-0.241377336410759E+02 0.909451587309712E-08
-0.241351382049019E+02 0.330913042286562E-09
-0.237672982457649E+02 -0.459436685435764E-08
-0.237565082204199E+02 0.269130009880964E-07
-0.237409589049589E+02 -0.101137676504181E-08
-0.227967207706839E+02 -0.215115590419614E-27
-0.251175479039449E+02 0.102942459478265E-21
-0.251173457827459E+02 0.822245938595615E-23
-0.251137481820729E+02 0.572748463699522E-22
-0.250654423363219E+02 -0.711849283523294E-22
-0.250625971600559E+02 0.236707972125031E-22
-0.250497821127659E+02 -0.212263355563063E-22
-0.250432425111929E+02 0.991749508926154E-23
-0.250429669301959E+02 -0.826505379603630E-22
-0.249353665394019E+02 -0.619959236340243E-24
-0.241393448735009E+02 0.637321971200725E-09
-0.241375688935779E+02 0.500227031295416E-08
-0.241357271253089E+02 0.106346494073011E-08
-0.237644713947699E+02 -0.307526719959586E-08
-0.237556324621839E+02 -0.781332975500214E-08
-0.237448613135129E+02 0.614333985774317E-08
-0.227967238989009E+02 -0.395928993865307E-27
-0.251245131229139E+02 -0.761145936688801E-24
-0.251207175485779E+02 0.467990401582528E-22
-0.251165932236599E+02 -0.331388283787283E-21
-0.250792846823959E+02 0.395393404691674E-21
-0.250750382635719E+02 -0.181096545311262E-21
-0.250378925778319E+02 -0.164824066434368E-21
-0.250367090653779E+02 0.355875351064495E-21
-0.250304168125659E+02 0.160989782143209E-21
-0.249268882321619E+02 -0.169257642888588E-22
-0.241411601059359E+02 -0.219371498219197E-08
-0.241385647191709E+02 0.904905859383991E-08
-0.241338015452409E+02 -0.681436410190512E-09
-0.237723612064609E+02 -0.124369066384967E-07
-0.237607444549609E+02 0.282127185020223E-07
-0.237309740003049E+02 -0.388854444997298E-08
-0.227967097727939E+02 0.117861938454282E-25
-0.251274042388489E+02 -0.726482568083350E-22
-0.251215600749959E+02 0.302506477551382E-25
-0.251201498959009E+02 0.581585211426525E-22
-0.250848398550169E+02 0.477632571271289E-22
-0.250819517445279E+02 -0.125066218945794E-21
-0.250387230381359E+02 -0.108663738044517E-21
-0.250286290940609E+02 -0.133817429909382E-22
-0.250242929256459E+02 -0.413352290460851E-22
-0.249205127332049E+02 0.106050159034415E-23
-0.241416720710449E+02 0.480993652094602E-08
-0.241394662547379E+02 0.387763486535984E-08
-0.241330026809459E+02 0.914719641950999E-09
-0.237744164161729E+02 0.153853625770337E-07
-0.237650317289969E+02 -0.177578793889401E-07
-0.237240168210459E+02 0.268493776675055E-08
-0.227966995986089E+02 0.247820623350531E-26
-0.251288285568419E+02 -0.247038641985524E-23
-0.251232956414639E+02 0.740254356929109E-23
-0.251164877862009E+02 -0.115263527913250E-23
-0.250854267154909E+02 -0.697717100284963E-24
-0.250768890337059E+02 0.461983566105738E-23
-0.250355844455149E+02 -0.950606075314978E-24
-0.250333955737189E+02 0.544912330509906E-23
-0.250250913770619E+02 0.143753852954858E-23
-0.249230615747069E+02 -0.530474830584036E-25
-0.241422592585739E+02 -0.726072299382379E-08
-0.241383965195449E+02 -0.373132614730404E-09
-0.241333341044299E+02 0.113897343629666E-08
-0.237766928836919E+02 0.285188521321401E-07
-0.237599106633439E+02 -0.208643951223707E-08
-0.237270125384859E+02 -0.306778186729589E-08
-0.227967024860919E+02 0.241534536436293E-27
-0.238949639187579E+02 0.821864218274320E-12
-0.238949639124399E+02 0.486773444155439E-12
-0.238949638562569E+02 -0.770206769086907E-12
-0.238366067075859E+02 -0.427942004662535E-07
-0.238366066959999E+02 0.380122585348468E-07
-0.238366066802129E+02 -0.278010196599898E-07
-0.238366066330659E+02 -0.326058464386256E-08
-0.238366066319679E+02 -0.111395717927731E-07
-0.237188398180649E+02 -0.508962115124576E-01
-0.228556316191429E+02 0.221531019794747E-14
-0.228556315656159E+02 -0.750044374961719E-15
-0.228556315578409E+02 0.293786164155437E-15
-0.225052728232259E+02 0.520645311464450E-15
-0.225052727604639E+02 -0.155219322829698E-14
-0.225052727522879E+02 -0.524604165947023E-15
-0.215210013789719E+02 -0.251323717123113E-01
-0.233307776855549E+02 -0.719673316773584E-08
-0.233136966445859E+02 -0.685481088682832E-08
-0.232934869797109E+02 -0.115064210347293E-07
-0.232779384736679E+02 -0.503825968049656E-01
-0.232435449128159E+02 0.429135355128403E-02
-0.232359317919109E+02 -0.333456554035827E-09
-0.232256135956429E+02 -0.361092123910001E-08
-0.232042235021279E+02 0.202453963923238E-08
-0.231363284883639E+02 -0.555029348127894E-02
-0.223190960754689E+02 0.215499113415798E-15
-0.222938025502479E+02 -0.200472820100373E-14
-0.222793141451839E+02 0.167634771610735E-15
-0.219634380286789E+02 0.163095979494983E-15
-0.219532586758919E+02 -0.109340908495059E-14
-0.219335475569849E+02 -0.186157349495117E-15
-0.209863787723329E+02 -0.644065488901342E-04
-0.233265354039849E+02 0.518212412461668E-08
-0.233261193980899E+02 0.145365833353986E-07
-0.232760202415179E+02 0.886941460115451E-06
-0.232760053817509E+02 0.508683894704616E-01
-0.232528301769739E+02 0.661109885702858E-07
-0.232460487457169E+02 0.149050010807089E-03
-0.232113702580119E+02 -0.102600065121649E-07
-0.232108547139779E+02 0.570149717344401E-08
-0.231357578025369E+02 -0.132661430255002E-03
-0.223220000354469E+02 -0.464158943767815E-15
-0.222851405234199E+02 -0.143553334451462E-15
-0.222848126134249E+02 -0.166651164089933E-15
-0.219597601364049E+02 0.138570635158925E-15
-0.219595317701459E+02 0.118777099298733E-15
-0.219312119463999E+02 0.249049500033109E-17
-0.209863787127309E+02 -0.155510318871179E-05
-0.233278552869549E+02 -0.175043013341415E-09
-0.233245283943569E+02 -0.899124997805895E-08
-0.232769943592569E+02 0.403228928823329E-07
-0.232760815287519E+02 -0.508440690133545E-01
-0.232518742715119E+02 0.896460760780454E-07
-0.232459518273559E+02 -0.117786813313888E-02
-0.232133008209229E+02 0.722502266174707E-08
-0.232091768243349E+02 -0.340836459579376E-08
-0.231357784525639E+02 -0.106135027234585E-02
-0.223219060183439E+02 -0.150369148593326E-15
-0.222863422117629E+02 0.174740995024030E-14
-0.222837143462269E+02 0.518020431963485E-15
-0.219605186870939E+02 -0.504244736577346E-15
-0.219586879335719E+02 0.707064600952250E-15
-0.219312876082739E+02 0.125021284541316E-15
-0.209863786811789E+02 -0.123857759692428E-04
-0.233282626006889E+02 0.138284718910670E-07
-0.233239278320719E+02 -0.501334555191521E-08
-0.232776453349919E+02 -0.654314869837774E-07
-0.232761352089099E+02 -0.508272583159037E-01
-0.232512362196549E+02 0.207032669142029E-07
-0.232458834021239E+02 -0.152177903522656E-02
-0.232140160461879E+02 0.315165200314989E-08
-0.232086418464449E+02 0.118679628992096E-07
-0.231357931579239E+02 0.138333163133667E-02
-0.223218389692089E+02 0.401003865533397E-15
-0.222867796533779E+02 0.304556313865901E-15
-0.222833506571389E+02 -0.321799991134128E-14
-0.219607676653999E+02 -0.159250727256187E-14
-0.219583780991119E+02 0.117347572268359E-15
-0.219313416801239E+02 0.483061593948775E-15
-0.209863786690179E+02 -0.161706031320938E-04
-0.233299780522029E+02 -0.871126465103525E-08
-0.233091520932299E+02 0.793402064229801E-08
-0.233006009689149E+02 0.961098637307367E-08
-0.232788722878469E+02 0.502306807399028E-01
-0.232423002747229E+02 -0.409124049063234E-02
-0.232305623485889E+02 0.120940219755072E-07
-0.232292163540749E+02 -0.539256930515847E-08
-0.232042200031949E+02 -0.231120041768035E-08
-0.231366390896269E+02 -0.691181813652201E-02
-0.223170908969699E+02 -0.114781637479331E-15
-0.222970341818019E+02 0.128244097707603E-14
-0.222782266296589E+02 -0.279690164595071E-15
-0.219641210852199E+02 0.193302002378134E-15
-0.219508299294829E+02 -0.753314306669644E-15
-0.219351539459669E+02 0.150328868543353E-15
-0.209863787470199E+02 -0.797742430734966E-04
-0.197978814515209E+02 -0.538639705286790E-15
-0.197978814339369E+02 -0.419693149780986E-15
-0.197754597801089E+02 -0.191590702410536E-14
-0.197449579299319E+02 -0.108440150845011E-15
-0.196799493264479E+02 0.144160886494436E-14
-0.196799493264009E+02 0.179447426712579E-15
-0.196642104616269E+02 0.449685637489370E-14
-0.196642104438459E+02 0.991604230389103E-15
-0.195810500294669E+02 -0.813324689351156E-15
-0.187810869886519E+02 -0.273734568866904E-07
-0.187810869658639E+02 0.302968198690193E-07
-0.187547102348789E+02 0.407138978031915E-01
-0.184099870074339E+02 0.278498771477000E-01
-0.183769274696639E+02 0.320007323199823E-07
-0.183769274617409E+02 0.108040305737771E-07
-0.174156389406809E+02 -0.249001515774186E-15
-0.197978813735589E+02 0.308488427909693E-14
-0.197978813212859E+02 -0.281483612974445E-14
-0.197754597413809E+02 -0.202032835616578E-14
-0.197449577965429E+02 -0.162444077221177E-14
-0.196799492868179E+02 -0.827474724232299E-15
-0.196799492868039E+02 -0.612963125549247E-15
-0.196642103861079E+02 -0.402630376421407E-14
-0.196642103337609E+02 0.381718530878097E-14
-0.195810499740369E+02 0.108061261716001E-14
-0.187810869440799E+02 -0.139715962476310E-07
-0.187810868940939E+02 -0.174381331361726E-07
-0.187547101240159E+02 0.407138835048951E-01
-0.184099868877999E+02 -0.278499253003173E-01
-0.183769274470399E+02 0.480994041915806E-08
-0.183769273819829E+02 -0.190115394705249E-08
-0.174156388681779E+02 -0.137890425985647E-15
-0.197978814264409E+02 -0.146557093000042E-14
-0.197978813838609E+02 0.291480491556356E-14
-0.197754597753679E+02 0.215193911363179E-14
-0.197449578728109E+02 0.226102630565491E-14
-0.196799493200939E+02 -0.175398297741540E-14
-0.196799493200839E+02 0.476518452711174E-15
-0.196642104356719E+02 -0.967100565005211E-15
-0.196642103930639E+02 -0.471025156315166E-14
-0.195810500129829E+02 -0.156136494768204E-14
-0.187810869813849E+02 0.323318547317528E-07
-0.187810869412699E+02 -0.140841161919072E-07
-0.187547101924729E+02 -0.407138794821916E-01
-0.184099869474029E+02 0.278499119679534E-01
-0.183769274895169E+02 -0.321418616158948E-07
-0.183769274384459E+02 0.105271858427181E-07
-0.174156389243649E+02 -0.491208948667365E-15
-0.171307974094629E+02 -0.797999309340436E-08
-0.171119111307139E+02 0.133288463953062E-07
-0.171054964723209E+02 0.102615976740189E-07
-0.170910885704999E+02 0.559373910253920E-01
-0.170626435496699E+02 0.628813682373996E-08
-0.170417664571379E+02 -0.740572257649880E-02
-0.170242025982959E+02 0.392061630057929E-08
-0.170181048711739E+02 0.998545503574921E-08
-0.169309162624899E+02 -0.751401184985113E-02
-0.161164028191919E+02 -0.341906971898425E-15
-0.161065589729339E+02 -0.210771509243021E-14
-0.161033351238389E+02 -0.546098047173915E-15
-0.157658797403819E+02 -0.153944363301789E-16
-0.157498673397609E+02 0.117819528965988E-14
-0.157207857419279E+02 -0.267749834400817E-15
-0.147747135292969E+02 0.990565206868597E-04
-0.171240702998769E+02 -0.213212004349615E-07
-0.171230212517169E+02 0.470420888702661E-08
-0.170876878770019E+02 -0.218966324141111E-06
-0.170874682131619E+02 0.569192680896651E-01
-0.170819748938559E+02 0.577792116405540E-07
-0.170468113034919E+02 0.581889070009007E-03
-0.170183840840509E+02 0.497410179606012E-08
-0.170180176239839E+02 -0.662039023970919E-09
-0.169294919418449E+02 0.407544361772870E-03
-0.161173966443869E+02 -0.827212244918002E-16
-0.161044686327159E+02 0.192312273419120E-15
-0.161043050640829E+02 -0.312606399978574E-15
-0.157596181952289E+02 -0.358731295488265E-15
-0.157587720323839E+02 -0.158027713309319E-15
-0.157182691686159E+02 0.110985789633558E-15
-0.147747133607539E+02 0.547118214954539E-05
-0.171263444525929E+02 -0.968814089282594E-10
-0.171203493709449E+02 0.154244126256142E-07
-0.170917686549449E+02 0.541030939268244E-07
-0.170878550807029E+02 -0.567848449439675E-01
-0.170777605865119E+02 0.675342765443093E-07
-0.170462886417329E+02 -0.321561790117239E-02
-0.170195073627719E+02 0.753386207781072E-08
-0.170174251359349E+02 -0.177417186372980E-08
-0.169296274844919E+02 -0.233370071364264E-02
-0.161173083400749E+02 0.478908001980649E-14
-0.161049082343939E+02 0.201315842814213E-14
-0.161039658391129E+02 0.118766601098290E-14
-0.157615057064949E+02 -0.103025524070890E-14
-0.157566504640959E+02 -0.334256833496720E-15
-0.157184907065729E+02 0.148129206146289E-14
-0.147747133058799E+02 -0.312910334369023E-04
-0.171239123613129E+02 0.664364653378937E-08
-0.171231855070719E+02 0.196697378427002E-07
-0.170875696639819E+02 0.262067527932036E-06
-0.170874616981059E+02 -0.569216313062445E-01
-0.170820951045139E+02 0.196501506451001E-07
-0.170468198727739E+02 -0.403395188242979E-03
-0.170183234649209E+02 0.210563808877569E-08
-0.170180694247229E+02 -0.615316715131152E-08
-0.169294896357159E+02 0.282381967326788E-03
-0.161173979948149E+02 0.731803523986424E-15
-0.161044426548569E+02 -0.180412055124491E-16
-0.161043292440269E+02 -0.429081683297257E-16
-0.157594900402079E+02 0.508318254601121E-16
-0.157589038172039E+02 0.277660140197547E-16
-0.157182654970069E+02 0.774105683637751E-15
-0.147747132821029E+02 -0.380260073943868E-05
-0.171317944112559E+02 0.114431940641951E-07
-0.171154649654359E+02 0.949206484593401E-08
-0.171051822333309E+02 -0.151973654577637E-07
-0.170943035519599E+02 -0.554593731990126E-01
-0.170504452390389E+02 -0.544902980029183E-08
-0.170369620905119E+02 -0.655053196977172E-02
-0.170287292329609E+02 0.826510544336620E-08
-0.170215393034079E+02 -0.139084121476840E-08
-0.169325051439639E+02 0.110290934949889E-01
-0.161149990983409E+02 -0.120032383481830E-14
-0.161083398698279E+02 0.202647192774620E-14
-0.161030923883709E+02 0.963404438203830E-15
-0.157683243056079E+02 0.184774591115688E-14
-0.157436545853969E+02 -0.885280140585737E-15
-0.157244188667839E+02 -0.414436942166986E-15
-0.147747136096339E+02 -0.142204747433593E-03
-0.165836717775439E+02 -0.394070476812517E-12
-0.165836717131419E+02 0.635643507832398E-12
-0.165836716879979E+02 0.690589687517910E-13
-0.165244147700739E+02 0.456550647469703E-07
-0.165244147611569E+02 -0.291411129561413E-07
-0.165244147419979E+02 -0.396796498340971E-07
-0.165244147015089E+02 -0.177905892140458E-07
-0.165244146997389E+02 0.302673299167056E-07
-0.164065091324559E+02 -0.511987025719870E-01
-0.155472098766299E+02 0.124454494923598E-15
-0.155472098460469E+02 0.175673994373778E-14
-0.155472097777629E+02 0.294917494223063E-15
-0.151917474613509E+02 -0.671926606914118E-15
-0.151917474031019E+02 -0.480228232251275E-15
-0.151917473934639E+02 -0.271582564397701E-15
-0.142046105596549E+02 0.355419546072499E-01
-0.114831044014219E+02 -0.183677431306193E-20
-0.114815642063949E+02 -0.505907973130154E-22
-0.114804410693629E+02 0.155193354374090E-20
-0.114534296799359E+02 0.134001101062148E-20
-0.114264497498079E+02 0.514514606283672E-21
-0.114083677040909E+02 0.120562301105305E-22
-0.113516583243489E+02 0.833199403147421E-21
-0.113504292099629E+02 0.334052934800594E-21
-0.112591818511909E+02 0.214804628014638E-24
-0.104335483384469E+02 0.174421475868726E-07
-0.104274056511619E+02 -0.152320157055263E-09
-0.104212520236589E+02 -0.573193709059581E-09
-0.101326597105569E+02 0.599752475319157E-07
-0.101103567925899E+02 0.112102884325277E-08
-0.100431532033479E+02 -0.271136741620339E-08
-0.911468516535490E+01 0.902523118296908E-28
-0.114786365399689E+02 -0.168896252554025E-24
-0.114783482712479E+02 -0.488517004925368E-24
-0.114775794091479E+02 0.542992884194789E-23
-0.114643789670399E+02 -0.810362241511305E-23
-0.114327239548759E+02 0.189099687060177E-22
-0.114167084376549E+02 -0.538942683675057E-24
-0.113465428058139E+02 0.173053335292362E-22
-0.113459390378939E+02 0.500731414591796E-23
-0.112537756580919E+02 -0.518397943161166E-25
-0.104320811968019E+02 -0.620304947431885E-09
-0.104292847985009E+02 -0.177423805455266E-07
-0.104212284833029E+02 -0.173603326836852E-08
-0.101282930912109E+02 -0.262948737044572E-08
-0.101184928161239E+02 -0.539078996608772E-07
-0.100389953437779E+02 0.354777881326849E-08
-0.911467829863190E+01 0.352914731019839E-28
-0.114730255359699E+02 -0.201714843485694E-22
-0.114704609963529E+02 0.797984673833703E-24
-0.114704230137759E+02 -0.269841633260077E-21
-0.114477337587289E+02 0.232739528922008E-21
-0.114258355704169E+02 0.299186398516892E-21
-0.114058080542629E+02 -0.198596468575866E-23
-0.113647196840079E+02 0.630382030950823E-21
-0.113637743728219E+02 -0.935860571466965E-22
-0.112728181642999E+02 -0.763226807401184E-24
-0.104317142738949E+02 -0.544876242811757E-08
-0.104268553745439E+02 0.157857700170502E-07
-0.104214463411459E+02 0.451738795836516E-08
-0.101271280087889E+02 0.226921431196710E-07
-0.101076404347419E+02 -0.410059348819352E-07
-0.100535908015569E+02 -0.918969168405467E-08
-0.911471138236891E+01 -0.316579419526302E-27
-0.114263281320899E+02 0.752111067001303E-22
-0.114263280366779E+02 0.106337113616618E-21
-0.114263276950189E+02 0.256564485975203E-21
-0.114221778364669E+02 0.260698157835352E-22
-0.114221772039109E+02 -0.523153568166168E-22
-0.114221766103089E+02 -0.149140334355827E-21
-0.114221742204089E+02 -0.167344395926163E-21
-0.114221741880299E+02 0.203564914985710E-21
-0.113046815220399E+02 -0.669377429158339E-29
-0.104251243852219E+02 -0.185174963978922E-08
-0.104251240274459E+02 -0.109247392765875E-07
-0.104251239330619E+02 0.202422406609161E-08
-0.100976693964499E+02 -0.251204835242097E-08
-0.100976670275629E+02 -0.271245926325022E-07
-0.100976664241459E+02 0.678224779464004E-08
-0.911476502600991E+01 -0.348436721726522E-32
-0.114678265223969E+02 -0.757242039737930E-22
-0.114651108994889E+02 0.452048206799253E-23
-0.114645066250979E+02 -0.360363106223592E-23
-0.114427326232989E+02 0.461074645724766E-23
-0.114241277658549E+02 0.418650312756641E-23
-0.114037766627219E+02 0.279484845200742E-24
-0.113732613610159E+02 0.202377928792041E-22
-0.113724525318939E+02 -0.227323406028351E-21
-0.112807901942099E+02 0.327854865493263E-23
-0.104308951046539E+02 0.530472854533737E-08
-0.104263020205139E+02 -0.145015540453953E-08
-0.104216866978729E+02 0.541622627037332E-09
-0.101244064757179E+02 -0.219889886769749E-07
-0.101047144972529E+02 -0.644699061043233E-09
-0.100603702103009E+02 -0.214515152220760E-08
-0.911472496202991E+01 -0.290502271332396E-22
-0.114788376275899E+02 0.313632136169077E-23
-0.114785953619759E+02 0.477369848286821E-23
-0.114773506123949E+02 -0.652786784750884E-23
-0.114654925234419E+02 0.117827222549587E-23
-0.114330985853689E+02 -0.167952341555686E-22
-0.114173623694629E+02 0.926149255672188E-24
-0.113457600566219E+02 0.376856831580938E-22
-0.113452143046689E+02 -0.565619579199612E-23
-0.112529216695189E+02 0.972380731867371E-25
-0.104320010968509E+02 0.458240228724556E-08
-0.104294790187399E+02 0.971763664338670E-08
-0.104212272623439E+02 -0.116038641468028E-08
-0.101280417149339E+02 -0.120891744060242E-07
-0.101192514636989E+02 -0.310749420633184E-07
-0.100383741888819E+02 0.232441752345475E-08
-0.911467660579190E+01 -0.120351070747200E-27
-0.114797600210739E+02 -0.637582359622699E-23
-0.114797039838929E+02 -0.922297595828069E-24
-0.114791739100979E+02 0.134549307746449E-22
-0.114615224634409E+02 -0.161992937957262E-22
-0.114313362944769E+02 -0.209325500834786E-22
-0.114149221674629E+02 0.488928354107418E-24
-0.113472695092269E+02 0.784660800819808E-23
-0.113464492273789E+02 -0.867218578050691E-24
-0.112544933820459E+02 -0.275762854864954E-25
-0.104326036291479E+02 -0.737801566470532E-08
-0.104287506113679E+02 -0.601801015890243E-08
-0.104212297981829E+02 0.769229916916640E-09
-0.101298997769669E+02 -0.284889789697255E-07
-0.101163355281739E+02 -0.157231678366531E-07
-0.100395553835319E+02 0.178266895190697E-08
-0.911467872651291E+01 0.363962703340511E-28
-0.108107818572989E+02 0.723718307917079E-15
-0.108107818476589E+02 0.410297158561968E-16
-0.107787103209399E+02 0.302502676060179E-16
-0.107689032670909E+02 0.347781079348258E-15
-0.106982295852259E+02 -0.572647591492983E-15
-0.106982295754039E+02 -0.623745999381518E-15
-0.106722110443849E+02 -0.824913852312228E-15
-0.106722110443349E+02 -0.237947902201679E-15
-0.105778981296049E+02 0.780853796939894E-15
-0.978125868407791E+01 -0.298088675192946E-01
-0.977354923743391E+01 0.792453276384636E-07
-0.977354922258191E+01 0.596130104197156E-07
-0.942848729433690E+01 0.386054765356773E-01
-0.936829961976491E+01 0.332681923142814E-07
-0.936829961293790E+01 0.118508670714180E-07
-0.840666261611190E+01 -0.171167898591872E-15
-0.108107818936439E+02 -0.989011311536812E-15
-0.108107818388269E+02 0.106566699696734E-15
-0.107787102958679E+02 0.101549632861549E-14
-0.107689033332419E+02 -0.272130661539959E-16
-0.106982296235819E+02 -0.972775563918543E-15
-0.106982295689599E+02 0.484385886518173E-15
-0.106722111092849E+02 0.315751213786343E-15
-0.106722111092739E+02 0.735141453373367E-15
-0.105778981840879E+02 -0.402168215175279E-15
-0.978125868608291E+01 -0.298088807893762E-01
-0.977354930712491E+01 -0.187531582049772E-07
-0.977354925380490E+01 -0.347678728660611E-07
-0.942848728539290E+01 -0.386054687599521E-01
-0.936829970546191E+01 -0.243488069098677E-07
-0.936829964013290E+01 -0.258970253018171E-07
-0.840666265360990E+01 0.150905158716745E-15
-0.108107819771539E+02 -0.233703331913124E-15
-0.108107819337519E+02 0.345061849921849E-14
-0.107787103950159E+02 0.181848117741930E-14
-0.107689034137979E+02 -0.119154432085355E-14
-0.106982297084349E+02 0.120645909387145E-14
-0.106982296632919E+02 -0.133750750894942E-14
-0.106722111910719E+02 0.514580848791859E-15
-0.106722111910609E+02 0.211497929369610E-15
-0.105778982664699E+02 0.733167485544950E-15
-0.978125878353390E+01 -0.298088660154658E-01
-0.977354938591991E+01 0.881456463531355E-07
-0.977354934493191E+01 0.444074614748676E-07
-0.942848737381790E+01 -0.386054471871303E-01
-0.936829979170291E+01 0.120459986378135E-07
-0.936829973717791E+01 0.172933390071611E-07
-0.840666274688290E+01 -0.371264012925186E-15
-0.707707160071091E+01 0.124724745514254E-07
-0.706847995500691E+01 -0.254429500957248E-07
-0.706314261854391E+01 -0.177972912346032E-07
-0.705014564410190E+01 -0.558440575634321E-01
-0.704105247860390E+01 0.182471432304265E-07
-0.699454754474490E+01 -0.807717442614574E-02
-0.697660170595790E+01 0.555404294777517E-08
-0.697156789036191E+01 0.194856860464762E-08
-0.686863159503291E+01 0.534881346239346E-02
-0.607480163916790E+01 -0.617626630363381E-15
-0.607014209847191E+01 -0.456956893383189E-16
-0.606018493915691E+01 0.189374766209787E-14
-0.571155482260590E+01 0.334635689257624E-15
-0.569725156336891E+01 -0.342786080709768E-16
-0.565134958658990E+01 0.118325395665510E-14
-0.470699818563291E+01 0.828085649862789E-04
-0.707093017456691E+01 -0.241733645150706E-07
-0.706998050497590E+01 0.679976161840770E-08
-0.706352379968691E+01 -0.471140932288778E-07
-0.704740866625191E+01 0.566733137651791E-01
-0.704735729620991E+01 -0.691317875819997E-06
-0.699839670285790E+01 -0.649382935741377E-03
-0.697322639898491E+01 -0.206539630656557E-08
-0.697289803379890E+01 -0.302128794964045E-08
-0.686751955737790E+01 -0.360508300918211E-03
-0.607270695612091E+01 0.409968957746502E-15
-0.607239125734691E+01 -0.240497232230536E-14
-0.606000598098791E+01 0.572917121004032E-15
-0.570548145017091E+01 -0.468565639323174E-15
-0.570451910784790E+01 0.709052238452490E-15
-0.565017985601790E+01 0.646874856425657E-15
-0.470699801572090E+01 0.574891099103551E-05
-0.707368647949291E+01 0.560973523297710E-08
-0.706707137031790E+01 0.137122884136774E-07
-0.706488845592990E+01 0.606633156702632E-07
-0.704804995496191E+01 0.564545326510481E-01
-0.704570208749990E+01 0.630693169426100E-07
-0.699751085668291E+01 -0.435488660407552E-02
-0.697443769440690E+01 0.143549991266697E-07
-0.697212949472390E+01 0.173520579016540E-07
-0.686776376484590E+01 -0.251719814306446E-02
-0.607363313364590E+01 0.234267823976368E-14
-0.607143203431491E+01 0.198273835769837E-14
-0.606004416312891E+01 -0.331491208641793E-14
-0.570823252538490E+01 0.386467590171718E-15
-0.570151032293590E+01 -0.103814198348161E-14
-0.565043182461091E+01 0.169213694472043E-15
-0.470699795486190E+01 0.393232459637026E-04
-0.707270010673390E+01 0.120006352188461E-07
-0.706813961831990E+01 0.205332088720105E-07
-0.706418769772391E+01 -0.162969629826683E-07
-0.704770897411190E+01 -0.565688289640983E-01
-0.704655889172091E+01 -0.975326409444893E-07
-0.699798283674690E+01 0.306360821760689E-02
-0.697395609682691E+01 -0.165168910666591E-07
-0.697237300840990E+01 0.145895522561928E-07
-0.686763270475291E+01 -0.173299359969569E-02
-0.607329951934391E+01 0.755156702532797E-15
-0.607178326425891E+01 0.813611847887253E-15
-0.606002355225691E+01 -0.529060068046088E-15
-0.570725427263190E+01 0.109006969018216E-14
-0.570262695028590E+01 0.934292287055349E-17
-0.565029628205990E+01 -0.347323886007800E-16
-0.470699790874191E+01 0.270628119582806E-04
-0.708558376398790E+01 -0.163516678105755E-07
-0.708276211618890E+01 -0.920225416266990E-08
-0.706158606309791E+01 0.542967414659324E-01
-0.704975466933190E+01 0.321156450630404E-08
-0.701438387916591E+01 0.608334849855341E-08
-0.699280352140991E+01 0.519992694389404E-08
-0.697598111782291E+01 0.601268441989108E-02
-0.697262729179890E+01 -0.234495904595164E-07
-0.687575616524090E+01 -0.151025452264645E-01
-0.607822502953790E+01 0.179958962655803E-14
-0.606508924140290E+01 -0.458737022656237E-15
-0.606195377711991E+01 -0.966006609444977E-16
-0.572045930660791E+01 0.778824762048202E-15
-0.567758977931091E+01 -0.173341282939146E-15
-0.566196653552690E+01 -0.318757967937637E-15
-0.470699896113190E+01 0.214263854089669E-03
-0.293062216793680E+01 0.317369292409153E-13
-0.293062215348880E+01 -0.623409570704879E-13
-0.293062210621370E+01 0.317379170638285E-13
-0.286921773428470E+01 -0.208244789468015E-07
-0.286921772018771E+01 0.301660030479350E-07
-0.286921770684860E+01 0.172642749818319E-07
-0.286921765346440E+01 0.315280000778503E-07
-0.286921765273480E+01 -0.106666714766446E-07
-0.275066248517631E+01 -0.486626598796738E-01
-0.188679626633271E+01 -0.432225613266019E-14
-0.188679622497740E+01 0.430259659700581E-15
-0.188679620634110E+01 0.113550823268992E-14
-0.152668533445851E+01 -0.126302422882205E-14
-0.152668526724861E+01 -0.776724008378186E-15
-0.152668525503300E+01 0.160130733934924E-14
-0.529532588422910E+00 0.487070809287216E-01
0.428956053242619E+01 -0.104576575612378E-14
0.428956053871809E+01 -0.445819300495235E-15
0.430344373229769E+01 -0.165699019197755E-15
0.435159497035319E+01 -0.971977034472217E-15
0.438811745972889E+01 0.615873350550791E-16
0.438811746641929E+01 0.533327327740523E-15
0.445040684871539E+01 0.319987394781014E-15
0.445040684876470E+01 -0.342010144972489E-16
0.454205238603470E+01 -0.838977304001979E-15
0.531210746526889E+01 0.182698056213785E-01
0.535176326548910E+01 -0.220361306298676E-07
0.535176327721149E+01 0.335150994367687E-08
0.567347121878180E+01 -0.480167258529121E-01
0.575813923922550E+01 -0.354832882977637E-07
0.575813924841479E+01 0.216272842084686E-07
0.672281342174060E+01 -0.260822084510978E-14
0.428956035086419E+01 0.141282636716082E-14
0.428956041298619E+01 -0.115296877976725E-14
0.430344362504219E+01 0.160415833546420E-14
0.435159475724470E+01 -0.302770486206645E-14
0.438811727646889E+01 0.301701984889253E-14
0.438811733842010E+01 -0.183682658440547E-14
0.445040663676089E+01 0.148787350482346E-14
0.445040663677050E+01 0.720022401044483E-15
0.454205218364750E+01 0.154761977319466E-14
0.531210732262629E+01 0.182698274322956E-01
0.535176304499740E+01 0.204704436366186E-07
0.535176310584670E+01 -0.323678751883898E-08
0.567347109314730E+01 -0.480166654324501E-01
0.575813900466270E+01 -0.320969610559266E-07
0.575813907461489E+01 -0.207518966518908E-07
0.672281323980499E+01 -0.179994188875513E-15
0.428956038835909E+01 0.284472186405925E-14
0.428956042794960E+01 0.408503144936658E-14
0.430344364725200E+01 -0.124542646243427E-14
0.435159478734229E+01 0.873222388148271E-15
0.438811731522900E+01 -0.175617556392917E-14
0.438811735460959E+01 -0.380354878448590E-14
0.445040666711489E+01 0.897644500974876E-15
0.445040666713389E+01 -0.106024645379711E-14
0.454205221360590E+01 0.122121669510181E-14
0.531210734915369E+01 -0.182698011773980E-01
0.535176308629650E+01 0.138120107639550E-07
0.535176312215960E+01 -0.141271073388722E-07
0.567347111776209E+01 -0.480166862622900E-01
0.575813904175760E+01 -0.163582153426232E-07
0.575813909574019E+01 0.889193928091479E-08
0.672281326739490E+01 0.211230199626828E-14
0.940603815905590E+01 0.241349892792474E-07
0.942250230579700E+01 -0.238586880228504E-07
0.943906903519759E+01 0.486984109271735E-01
0.943944513289219E+01 -0.200914012154325E-06
0.944700331553750E+01 0.107241306061129E-07
0.950475282166269E+01 0.911434756585417E-02
0.951708412704029E+01 -0.927163393543012E-08
0.953060707789369E+01 0.260115646361601E-08
0.964512025741089E+01 -0.518222198673185E-02
0.104124288633693E+02 -0.326849848349478E-15
0.104235794203381E+02 -0.123895675978060E-14
0.104529626102464E+02 -0.175050759156054E-14
0.107941106064822E+02 -0.630002159237808E-16
0.108134258339588E+02 -0.124702934047374E-14
0.108705876087711E+02 0.345217970235399E-15
0.118178316582927E+02 0.917664838974586E-04
0.940713379635099E+01 -0.917146577683169E-08
0.942815157378679E+01 -0.221094169699718E-07
0.943390682010809E+01 -0.179805136773549E-07
0.944294299735539E+01 -0.496450411141180E-01
0.944391617760199E+01 0.248357371460117E-06
0.949924183738599E+01 -0.371631690558613E-02
0.952252818680110E+01 0.522927753746419E-08
0.952704364939450E+01 0.182314816282031E-08
0.964675702993939E+01 0.174020280846543E-02
0.104158077648605E+02 0.829334720573148E-16
0.104195714826208E+02 0.450639313715715E-15
0.104536024310211E+02 0.615279227638729E-16
0.107998335045815E+02 0.105008776875159E-15
0.108063404992680E+02 -0.825272328132952E-15
0.108719393460844E+02 -0.135476117517099E-15
0.118178319648876E+02 -0.312658930194769E-04
0.940729134836279E+01 -0.436297235567872E-07
0.943076746423699E+01 -0.188390180533423E-07
0.943130392308990E+01 -0.128601006536486E-07
0.944350113489830E+01 -0.498128720901168E-01
0.944350966847040E+01 0.126563334191220E-05
0.949847462627069E+01 -0.355593606070528E-03
0.952469416370350E+01 0.128668950338112E-07
0.952511417170629E+01 0.113737595296842E-07
0.964696633249559E+01 -0.162007894523382E-03
0.104174751620270E+02 -0.122212689281353E-14
0.104178257192349E+02 -0.842962904494515E-15
0.104536824604081E+02 -0.128487306309991E-14
0.108026988409168E+02 0.703863760715615E-15
0.108033047461772E+02 0.479828142204930E-15
0.108721086182323E+02 -0.619844345106788E-15
0.118178320867185E+02 -0.295766805477127E-05
0.940711135895610E+01 0.397537880152056E-07
0.942794958483960E+01 0.320508464280497E-07
0.943410727309029E+01 0.890441945807126E-08
0.944286300894119E+01 -0.496217028484085E-01
0.944397556456759E+01 0.855157872171192E-07
0.949935283101709E+01 -0.396131959863500E-02
0.952235240205890E+01 0.158491061854477E-07
0.952718515391460E+01 -0.896159900324114E-08
0.964672659747809E+01 -0.186233939644377E-02
0.104156818702835E+02 0.234138153698293E-15
0.104197092804856E+02 0.144013278960349E-14
0.104535908780546E+02 0.152441931930003E-14
0.107996181947927E+02 0.122678453996725E-14
0.108065812295394E+02 -0.361788886492870E-15
0.108719146825984E+02 0.591553867523332E-16
0.118178321393107E+02 -0.335493292164181E-04
0.940275146291580E+01 0.253703204581776E-08
0.940833542361840E+01 0.272168999759445E-07
0.942355096133369E+01 -0.471304729440191E-01
0.945197564272920E+01 0.123067509264982E-08
0.946798307570390E+01 -0.221573133885739E-08
0.949523528619339E+01 -0.839385545445270E-08
0.953131119960460E+01 -0.723033565126416E-02
0.953640050037899E+01 0.148289907228594E-07
0.963408227694390E+01 0.144175465115133E-01
0.104054995806030E+02 -0.157143210258856E-14
0.104361989456690E+02 0.139966291135549E-15
0.104472110854277E+02 -0.674309824156447E-15
0.107827168090290E+02 0.117960154882991E-14
0.108368228706542E+02 -0.462195876223477E-15
0.108586468951044E+02 -0.826560711855198E-17
0.118178301735199E+02 0.226870269353075E-03
